Date Timestamp	SoftVFC-RR	Artifact	LAP	SoftVFC-Peak	SoftVFC-Threshold
2014-10-28 20:22:36.046	579	0	0	1.1329033	0.29107597
2014-10-28 20:22:36.807	578	0	0	1.4746583	0.35790157
2014-10-28 20:22:37.188	580	0	0	0.9709557	0.34933916
2014-10-28 20:22:37.95	574	0	0	1.8571758	0.40328303
2014-10-28 20:22:38.713	565	0	0	0.38084114	0.17427425
2014-10-28 20:22:39.475	563	188	0	1.5195935	0.30118844
2014-10-28 20:22:39.857	565	0	0	0.34787717	0.26414257
2014-10-28 20:22:40.495	563	260	0	1.9564202	0.59492946
2014-10-28 20:22:40.875	563	0	0	0.6825633	0.47246
2014-10-28 20:22:42.398	564	0	0	1.5690726	0.46077505
2014-10-28 20:22:44.306	573	202	0	2.4247828	0.72868234
2014-10-28 20:22:44.686	580	0	0	0.8019196	0.65178645
2014-10-28 20:22:45.325	574	0	0	0.9715121	0.29557195
2014-10-28 20:22:45.708	569	0	0	1.3729331	0.34959605
2014-10-28 20:22:46.846	573	261	0	1.4183607	0.34795225
2014-10-28 20:22:47.231	565	0	0	0.84907067	0.37790522
2014-10-28 20:22:47.994	562	261	0	0.8125757	0.37719652
2014-10-28 20:22:48.375	556	0	0	0.51732343	0.33624545
2014-10-28 20:22:52.442	562	259	0	3.1303675	0.52449274
2014-10-28 20:22:52.821	566	0	0	0.5473606	0.6129547
2014-10-28 20:22:54.349	566	0	0	0.9486937	0.58303666
2014-10-28 20:22:54.73	567	0	0	1.9757721	0.59562904
2014-10-28 20:22:55.365	569	0	0	2.2156289	0.69856685
2014-10-28 20:22:55.751	573	0	0	1.4772071	0.6298453
2014-10-28 20:22:57.275	569	198	0	5.5915504	2.2015002
2014-10-28 20:23:01.343	535	0	0	0.32424077	0.25092041
2014-10-28 20:23:02.101	562	254	0	1.4582504	0.6192357
2014-10-28 20:23:02.484	567	0	0	0.77199876	0.49860144
2014-10-28 20:23:04.014	561	0	0	2.2129412	0.55593926
2014-10-28 20:23:04.273	567	0	0	3.0712337	0.63390684
2014-10-28 20:23:10.248	558	0	0	0.3173616	0.0393116
2014-10-28 20:23:11.009	563	251	0	1.6072905	0.13908072
2014-10-28 20:23:11.391	562	0	0	0.56642663	0.36228618
2014-10-28 20:23:12.154	566	258	0	5.127924	0.75799084
2014-10-28 20:23:13.298	577	0	0	5.863725	1.2074273
2014-10-28 20:23:14.06	579	0	0	8.044648	2.318062
2014-10-28 20:23:14.698	594	0	0	7.4587545	2.3741252
2014-10-28 20:23:15.076	597	0	0	4.740596	2.1756437
2014-10-28 20:23:16.985	592	0	0	5.0746765	1.8592687
2014-10-28 20:23:17.745	603	0	0	8.092573	2.1945417
2014-10-28 20:23:18.127	605	0	0	6.3852777	2.1725032
2014-10-28 20:23:18.766	610	0	0	3.6068306	1.9299465
2014-10-28 20:23:19.149	597	0	0	3.1649613	1.7549547
2014-10-28 20:23:19.91	615	6	0	3.8624449	1.6048177
2014-10-28 20:23:20.672	596	0	0	5.134862	1.6404186
2014-10-28 20:23:21.05	594	0	0	4.1126976	1.5730387
2014-10-28 20:23:21.816	585	0	0	2.271266	1.4098488
2014-10-28 20:23:22.197	578	0	0	3.4136026	1.3645186
2014-10-28 20:23:22.959	572	6	0	3.5694125	1.9462267
2014-10-28 20:23:23.721	561	0	0	262.7165	23.352713
2014-10-28 20:23:32.505	455	0	0	2.5267804E-5	1.3205138E-5
2014-10-28 20:23:32.885	323	0	0	4.7124824E-5	1.3622328E-5
2014-10-28 20:23:33.266	382	0	0	3.2558797E-5	1.3280604E-5
2014-10-28 20:23:33.648	336	0	0	3.460303E-5	1.2698517E-5
2014-10-28 20:23:34.029	355	0	0	3.788696E-5	1.2681135E-5
2014-10-28 20:23:34.411	384	0	0	4.2284624E-5	1.2963882E-5
2014-10-28 20:23:34.79	382	0	0	3.2710457E-5	1.2620483E-5
2014-10-28 20:23:35.169	353	0	0	4.3063963E-5	1.262907E-5
2014-10-28 20:23:35.552	384	0	0	5.287499E-5	1.4294379E-5
2014-10-28 20:23:35.935	421	0	0	3.348354E-5	1.3511079E-5
2014-10-28 20:23:36.313	319	0	0	3.148047E-5	1.2907561E-5
2014-10-28 20:23:36.695	360	0	0	5.15607E-5	1.3620783E-5
2014-10-28 20:23:37.075	393	0	0	4.1973042E-5	1.5588957E-5
2014-10-28 20:23:37.463	350	0	0	8.6924214E-5	2.0050884E-5
2014-10-28 20:23:37.837	390	0	0	7.201448E-5	2.103937E-5
2014-10-28 20:23:38.093	391	0	0	4.814763E-5	2.0041338E-5
2014-10-28 20:23:38.475	491	0	0	5.699548E-5	1.9867532E-5
2014-10-28 20:23:42.54	410	0	0	3.5602006E-5	1.3451757E-5
2014-10-28 20:23:42.92	335	0	0	3.269454E-5	1.2600565E-5
2014-10-28 20:23:43.302	437	0	0	2.5615653E-5	1.1585061E-5
2014-10-28 20:23:43.681	327	0	0	2.64392E-5	1.1030662E-5
2014-10-28 20:23:44.063	355	0	0	4.8742644E-5	1.1900142E-5
2014-10-28 20:23:44.446	367	0	0	6.025099E-5	1.8165605E-5
2014-10-28 20:23:44.827	416	0	0	4.360668E-5	1.6955591E-5
2014-10-28 20:23:45.206	377	0	0	3.784805E-5	1.5870697E-5
2014-10-28 20:23:45.587	362	0	0	4.352226E-5	1.5598042E-5
2014-10-28 20:23:45.967	386	0	0	3.1181935E-5	1.4730699E-5
2014-10-28 20:23:46.35	383	0	0	3.067156E-5	1.0308916E-5
2014-10-28 20:23:46.734	308	0	0	2.5057632E-5	9.656792E-6
2014-10-28 20:23:46.991	369	0	0	3.673182E-5	1.0303579E-5
2014-10-28 20:23:47.373	382	0	0	2.4238925E-5	9.858792E-6
2014-10-28 20:23:47.752	371	0	0	3.3689765E-5	1.0087313E-5
2014-10-28 20:23:48.133	359	0	0	4.6397665E-5	1.3347904E-5
2014-10-28 20:23:48.513	379	0	0	3.429446E-5	1.2709098E-5
2014-10-28 20:23:48.895	371	0	0	3.056215E-5	1.2078669E-5
2014-10-28 20:23:49.276	394	0	0	3.0761887E-5	1.1713728E-5
2014-10-28 20:23:49.658	349	0	0	2.7761995E-5	1.1303774E-5
2014-10-28 20:23:50.038	413	0	0	3.4603152E-5	1.039419E-5
2014-10-28 20:23:50.419	332	0	0	6.146143E-5	1.3758509E-5
2014-10-28 20:23:50.799	413	0	0	3.0264851E-5	1.2840953E-5
2014-10-28 20:23:51.182	319	0	0	6.2123996E-5	1.4414363E-5
2014-10-28 20:23:51.565	378	0	0	6.719443E-5	1.5744992E-5
2014-10-28 20:23:51.942	371	0	0	3.223024E-5	1.6570777E-5
2014-10-28 20:23:52.324	385	0	0	2.1209986E-5	1.340385E-5
2014-10-28 20:23:52.579	366	0	0	2.4396866E-5	1.20859595E-5
2014-10-28 20:23:52.961	402	0	0	2.8537672E-5	1.1571279E-5
2014-10-28 20:23:53.342	329	0	0	4.529608E-5	1.2159181E-5
2014-10-28 20:23:53.724	381	0	0	2.7148464E-5	1.2074091E-5
2014-10-28 20:23:54.105	370	0	0	3.93042E-5	1.2416527E-5
2014-10-28 20:23:54.483	368	0	0	2.660654E-5	1.1529606E-5
2014-10-28 20:23:54.866	365	0	0	3.8729933E-5	1.18056805E-5
2014-10-28 20:23:55.245	372	0	0	4.5197063E-5	1.2349016E-5
2014-10-28 20:23:55.626	381	0	0	4.7988135E-5	1.5530866E-5
2014-10-28 20:23:56.013	365	0	0	3.5658955E-5	1.4316018E-5
2014-10-28 20:23:56.391	391	0	0	3.97738E-5	1.4051497E-5
2014-10-28 20:23:56.77	351	0	0	4.9874456E-5	1.4566161E-5
2014-10-28 20:23:57.153	397	0	0	2.5234152E-5	1.3540364E-5
2014-10-28 20:23:57.408	365	0	0	2.7537679E-5	8.795305E-6
2014-10-28 20:23:57.79	363	0	0	3.5935424E-5	9.856361E-6
2014-10-28 20:23:58.169	369	0	0	4.1786763E-5	1.0874501E-5
2014-10-28 20:23:58.55	369	0	0	3.6557773E-5	1.1136785E-5
2014-10-28 20:23:58.931	365	0	0	4.5241854E-5	1.1794091E-5
2014-10-28 20:23:59.314	378	0	0	4.3745815E-5	1.4831278E-5
2014-10-28 20:23:59.693	409	0	0	2.7872167E-5	1.2984427E-5
2014-10-28 20:24:00.074	328	0	0	3.2705582E-5	1.2463785E-5
2014-10-28 20:24:00.455	378	0	0	4.7668975E-5	1.31489605E-5
2014-10-28 20:24:00.837	369	0	0	3.8289356E-5	1.3084654E-5
2014-10-28 20:24:01.218	371	0	0	2.5930469E-5	1.0703305E-5
2014-10-28 20:24:01.599	370	0	0	5.9854312E-5	1.3786015E-5
2014-10-28 20:24:01.854	401	0	0	6.0297094E-5	1.536427E-5
2014-10-28 20:24:02.234	373	0	0	3.7681595E-5	1.48035215E-5
2014-10-28 20:24:02.615	342	0	0	3.166862E-5	1.4095635E-5
2014-10-28 20:24:02.997	367	0	0	3.410475E-5	1.0962228E-5
2014-10-28 20:24:03.381	383	0	0	2.1813334E-5	9.731856E-6
2014-10-28 20:24:03.758	361	0	0	3.717127E-5	1.03964985E-5
2014-10-28 20:24:04.142	371	0	0	4.044128E-5	1.1013283E-5
2014-10-28 20:24:04.521	371	0	0	5.0538114E-5	1.1985409E-5
2014-10-28 20:24:04.909	382	0	0	3.2179523E-5	1.37862735E-5
2014-10-28 20:24:05.285	362	0	0	7.7433484E-5	1.7794571E-5
2014-10-28 20:24:05.67	370	0	0	4.4392706E-5	1.704532E-5
2014-10-28 20:24:06.048	410	0	0	6.290448E-5	1.7829887E-5
2014-10-28 20:24:06.43	388	0	0	3.5109053E-5	1.6808743E-5
2014-10-28 20:24:06.81	331	0	0	2.703649E-4	5.0912324E-5
2014-10-28 20:24:11.257	374	0	0	9.78223E-5	8.375764E-6
2014-10-28 20:24:11.513	384	0	0	3.2124954E-5	8.764523E-6
2014-10-28 20:24:11.894	357	0	0	4.6804504E-5	1.31549095E-5
2014-10-28 20:24:12.274	372	0	0	4.4649994E-5	1.373105E-5
2014-10-28 20:24:12.656	371	0	0	3.158866E-5	1.2930675E-5
2014-10-28 20:24:13.037	391	0	0	5.1179642E-5	1.3756516E-5
2014-10-28 20:24:13.417	356	0	0	3.9879604E-5	1.3679296E-5
2014-10-28 20:24:13.798	376	0	0	5.3691863E-5	1.5595244E-5
2014-10-28 20:24:14.178	373	0	0	3.3099062E-5	1.4074502E-5
2014-10-28 20:24:14.558	391	0	0	3.514799E-5	1.3484877E-5
2014-10-28 20:24:14.94	385	0	0	2.9113866E-5	1.2728826E-5
2014-10-28 20:24:15.322	333	0	0	2.6824508E-5	1.2097605E-5
2014-10-28 20:24:15.701	386	0	0	3.24304E-5	9.875817E-6
2014-10-28 20:24:16.083	355	0	0	4.431373E-5	1.15076255E-5
2014-10-28 20:24:16.339	384	0	0	4.332445E-5	1.224109E-5
2014-10-28 20:24:16.72	357	0	0	3.626759E-5	1.2210712E-5
2014-10-28 20:24:17.102	413	0	0	4.985948E-5	1.2945565E-5
2014-10-28 20:24:17.481	340	0	0	4.9970666E-5	1.6638358E-5
2014-10-28 20:24:17.862	383	0	0	5.0326475E-5	1.6684067E-5
2014-10-28 20:24:18.244	398	0	0	9.9286015E-5	2.0786887E-5
2014-10-28 20:24:18.624	324	0	0	5.3785352E-5	2.02152E-5
2014-10-28 20:24:19.006	387	0	0	4.7121208E-5	1.9463845E-5
2014-10-28 20:24:19.386	355	0	0	4.5278946E-5	1.5400024E-5
2014-10-28 20:24:19.767	375	0	0	1.1860166E-4	2.3444647E-5
2014-10-28 20:24:20.148	392	0	0	5.3644704E-5	2.2053877E-5
2014-10-28 20:24:20.528	373	0	0	8.091147	0.5394275
2014-10-28 20:24:22.691	574	0	0	264.13586	52.088028
2014-10-28 20:24:26.755	591	0	0	4.7046576	0.502135
2014-10-28 20:24:27.517	703	271	0	66.090004	20.90114
2014-10-28 20:24:32.727	615	0	0	4.12536	0.69984746
2014-10-28 20:24:33.487	621	0	0	3.8856564	1.3351694
2014-10-28 20:24:33.868	619	0	0	2.7692893	1.1978117
2014-10-28 20:24:34.631	618	0	0	3.3410487	1.1767796
2014-10-28 20:24:35.392	619	0	0	3.0279837	1.1432892
2014-10-28 20:24:35.774	618	0	0	2.9773314	1.1181482
2014-10-28 20:24:36.412	623	0	0	3.461944	1.0732126
2014-10-28 20:24:37.564	551	229	0	163.73334	11.851006
2014-10-28 20:24:41.237	372	0	0	256.90054	60.301495
2014-10-28 20:24:46.076	363	0	0	3.328785E-5	5.52946E-6
2014-10-28 20:24:46.456	378	0	0	3.4762194E-5	6.5391164E-6
2014-10-28 20:24:46.836	368	0	0	6.0586983E-5	1.589153E-5
2014-10-28 20:24:47.979	507	125	0	7.283832E-5	6.115772E-5
2014-10-28 20:24:48.36	595	0	0	2.369078E-4	6.412631E-5
2014-10-28 20:24:53.952	382	0	0	2.760637E-5	9.333464E-6
2014-10-28 20:24:54.331	379	0	0	2.4538493E-5	9.141136E-6
2014-10-28 20:24:54.711	357	0	0	2.27701E-5	7.884765E-6
2014-10-28 20:24:55.092	401	0	0	2.5339628E-5	8.072025E-6
2014-10-28 20:24:55.473	349	0	0	3.6107765E-5	9.062999E-6
2014-10-28 20:24:55.853	371	0	0	4.554794E-5	1.028693E-5
2014-10-28 20:24:56.111	398	0	0	3.202117E-5	1.0351395E-5
2014-10-28 20:24:56.491	366	0	0	3.856181E-5	1.176383E-5
2014-10-28 20:24:56.871	361	0	0	3.3004908E-5	1.15097655E-5
2014-10-28 20:24:57.253	407	0	0	3.000355E-5	1.113262E-5
2014-10-28 20:24:57.633	332	0	0	2.8293342E-5	1.0792319E-5
2014-10-28 20:24:58.016	382	0	0	4.3819655E-5	1.1428026E-5
2014-10-28 20:24:58.397	382	0	0	1.4760114E-4	3.1903466E-5
2014-10-28 20:24:58.781	335	0	0	1.3327906E-4	3.607776E-5
2014-10-28 20:24:59.921	375	0	0	1.1268158E-4	3.222637E-5
2014-10-28 20:25:00.177	479	0	0	4.230334E-5	2.9205492E-5
2014-10-28 20:25:01.699	374	0	0	3.8024118E-5	1.2626196E-5
2014-10-28 20:25:02.08	408	0	0	5.6465335E-5	1.41750925E-5
2014-10-28 20:25:02.461	331	0	0	7.8167956E-5	1.655127E-5
2014-10-28 20:25:02.844	371	0	0	3.064646E-5	1.5495307E-5
2014-10-28 20:25:03.222	395	0	0	2.5535708E-5	9.3636945E-6
2014-10-28 20:25:03.604	355	0	0	1.9095798E-5	8.364218E-6
2014-10-28 20:25:03.984	438	0	0	3.2016065E-5	8.94117E-6
2014-10-28 20:25:05.127	384	0	0	2.1254209E-5	8.731571E-6
2014-10-28 20:25:05.508	358	0	0	2.2934557E-5	8.369332E-6
2014-10-28 20:25:05.765	370	0	0	2.340417E-5	8.227346E-6
2014-10-28 20:25:06.147	375	0	0	3.362494E-5	8.82354E-6
2014-10-28 20:25:06.526	383	0	0	2.0165879E-5	8.473277E-6
2014-10-28 20:25:06.906	367	0	0	2.2565195E-5	7.1218456E-6
2014-10-28 20:25:07.288	382	0	0	2.2169997E-5	7.2112302E-6
2014-10-28 20:25:07.668	363	0	0	4.4028126E-5	9.077433E-6
2014-10-28 20:25:08.049	371	0	0	2.0913249E-5	8.656162E-6
2014-10-28 20:25:08.431	364	0	0	1.963904E-5	8.304526E-6
2014-10-28 20:25:08.812	369	0	0	2.1595868E-5	6.8724844E-6
2014-10-28 20:25:09.193	367	0	0	3.343444E-5	8.296594E-6
2014-10-28 20:25:09.573	395	0	0	1.9187293E-5	7.821386E-6
2014-10-28 20:25:09.955	356	0	0	2.4260771E-5	7.874493E-6
2014-10-28 20:25:10.211	365	0	0	3.0193842E-5	8.2395145E-6
2014-10-28 20:25:10.591	379	0	0	5.993116E-5	1.5020833E-5
2014-10-28 20:25:10.973	419	0	0	2.9155115E-5	1.3253346E-5
2014-10-28 20:25:11.353	451	0	0	1.8214394E-5	1.1457876E-5
2014-10-28 20:25:11.734	330	0	0	2.8117029E-5	1.1040768E-5
2014-10-28 20:25:13.641	369	0	0	5.108118E-5	1.4400336E-5
2014-10-28 20:25:14.019	409	0	0	2.4342424E-5	1.3352637E-5
2014-10-28 20:25:14.407	332	0	0	3.9276725E-5	1.0603191E-5
2014-10-28 20:25:14.783	377	0	0	2.5601597E-5	9.913417E-6
2014-10-28 20:25:15.041	379	0	0	4.255788E-5	1.0981552E-5
2014-10-28 20:25:15.421	370	0	0	4.81133E-5	1.19927945E-5
2014-10-28 20:25:15.803	370	0	0	1.6033651E-4	1.890158E-5
2014-10-28 20:25:16.183	362	0	0	1.5700863E-4	5.2890857E-5
2014-10-28 20:25:16.564	380	0	0	1.6156536E-4	5.321228E-5
2014-10-28 20:25:16.946	407	0	0	1.9475393E-4	5.6138702E-5
2014-10-28 20:25:17.326	327	0	0	2.3337701E-4	6.0469432E-5
2014-10-28 20:25:18.468	431	0	0	7.70857E-5	2.4202925E-5
2014-10-28 20:25:19.611	327	0	0	6.910967E-5	2.0855567E-5
2014-10-28 20:25:19.994	413	0	0	4.3528766E-5	1.9797904E-5
2014-10-28 20:25:20.248	450	0	0	2.2214868E-5	1.0957272E-5
2014-10-28 20:25:21.399	388	0	0	3.8526527E-5	1.1122502E-5
2014-10-28 20:25:21.774	360	0	0	3.26491E-5	1.10825895E-5
2014-10-28 20:25:22.157	368	0	0	2.3361179E-5	9.335046E-6
2014-10-28 20:25:22.537	370	0	0	2.2849541E-5	8.762202E-6
2014-10-28 20:25:22.918	394	0	0	2.0082916E-5	8.245228E-6
2014-10-28 20:25:23.299	361	0	0	2.6572146E-5	8.367659E-6
2014-10-28 20:25:23.679	359	0	0	2.421002E-5	8.31805E-6
2014-10-28 20:25:24.062	372	0	0	2.1132217E-5	7.557039E-6
2014-10-28 20:25:24.442	368	0	0	2.8150233E-5	8.16583E-6
2014-10-28 20:25:24.824	377	0	0	3.0393821E-5	8.657191E-6
2014-10-28 20:25:25.08	377	0	0	2.6036649E-5	8.661529E-6
2014-10-28 20:25:25.459	361	0	0	3.0003772E-5	8.884817E-6
2014-10-28 20:25:25.842	399	0	0	2.2464801E-5	8.744762E-6
2014-10-28 20:25:26.22	349	0	0	2.3943834E-5	8.490269E-6
2014-10-28 20:25:26.602	386	0	0	3.1107775E-5	8.960015E-6
2014-10-28 20:25:26.982	358	0	0	6.369448E-5	1.1414311E-5
2014-10-28 20:25:27.363	375	0	0	8.360012E-5	1.4156376E-5
2014-10-28 20:25:27.746	380	0	0	1.9659023E-4	4.669839E-5
2014-10-28 20:25:28.125	414	0	0	7.9155805E-5	3.9927352E-5
2014-10-28 20:25:32.19	415	33	0	2.3246115E-5	1.14854965E-5
2014-10-28 20:25:32.573	360	0	0	3.8732385E-5	1.1770557E-5
2014-10-28 20:25:32.952	375	0	0	5.2520612E-5	1.2726609E-5
2014-10-28 20:25:33.333	383	0	0	4.3932752E-5	1.607556E-5
2014-10-28 20:25:33.714	426	0	0	3.174858E-5	1.42446615E-5
2014-10-28 20:25:34.86	371	0	0	8.404691E-5	1.8767032E-5
2014-10-28 20:25:35.117	369	0	0	6.5194945E-5	2.4873641E-5
2014-10-28 20:25:35.495	382	0	0	1.5538408E-4	3.384733E-5
2014-10-28 20:25:35.875	477	0	0	1.1379859E-4	3.4868714E-5
2014-10-28 20:25:37.02	547	0	0	1.3140465E-4	3.6370533E-5
2014-10-28 20:25:37.782	487	114	0	5.997325E-5	3.278659E-5
2014-10-28 20:25:38.161	422	0	0	4.3054893E-5	2.9099598E-5
2014-10-28 20:25:38.542	398	0	0	6.947822E-5	2.8109565E-5
2014-10-28 20:25:38.924	302	0	0	4.490459E-5	1.9063802E-5
2014-10-28 20:25:39.305	374	0	0	4.3977954E-5	1.7595641E-5
2014-10-28 20:25:39.686	372	0	0	3.0304916E-5	1.572214E-5
2014-10-28 20:25:39.943	382	0	0	3.3024233E-5	1.4779328E-5
2014-10-28 20:25:40.322	382	0	0	4.5230794E-5	1.4828929E-5
2014-10-28 20:25:40.704	371	0	0	4.4292272E-5	1.4920511E-5
2014-10-28 20:25:41.084	371	0	0	3.0241876E-5	1.3307216E-5
2014-10-28 20:25:41.467	343	0	0	3.7410853E-5	1.3097982E-5
2014-10-28 20:25:41.845	389	0	0	4.546173E-5	1.3509168E-5
2014-10-28 20:25:42.228	443	0	0	2.980902E-5	1.2913696E-5
2014-10-28 20:25:43.37	369	0	0	4.414599E-5	1.4452812E-5
2014-10-28 20:25:43.753	407	0	0	2.7710399E-5	1.3409609E-5
2014-10-28 20:25:44.135	394	0	0	4.4737866E-5	1.3660111E-5
2014-10-28 20:25:44.516	315	0	0	5.9693004E-5	1.7405146E-5
2014-10-28 20:25:44.893	401	0	0	6.829218E-5	1.919145E-5
2014-10-28 20:25:45.154	347	0	0	2.5925732E-5	1.6554066E-5
2014-10-28 20:25:45.535	393	0	0	5.359059E-5	1.6815959E-5
2014-10-28 20:25:45.911	362	0	0	3.4091234E-5	1.5907257E-5
2014-10-28 20:25:46.297	511	0	0	2.6255795E-5	1.0057838E-5
2014-10-28 20:25:47.06	585	225	0	2.608561E-5	9.417235E-6
2014-10-28 20:25:47.821	363	0	0	2.1625487E-5	8.88395E-6
2014-10-28 20:25:48.202	375	0	0	1.8618726E-5	6.707369E-6
2014-10-28 20:25:48.581	381	0	0	2.6754067E-5	7.4442537E-6
2014-10-28 20:25:48.963	367	0	0	5.5899414E-5	1.0241475E-5
2014-10-28 20:25:49.342	376	0	0	2.1861535E-5	9.6506155E-6
2014-10-28 20:25:49.727	479	0	0	1.4876025E-5	8.868626E-6
2014-10-28 20:25:50.365	628	263	0	3.0151288E-5	8.727996E-6
2014-10-28 20:25:51.126	375	0	0	2.4321182E-5	8.627835E-6
2014-10-28 20:25:51.506	380	0	0	3.5244797E-5	9.147907E-6
2014-10-28 20:25:51.889	345	0	0	3.1612897E-5	1.114295E-5
2014-10-28 20:25:52.27	401	0	0	1.948063E-5	9.593148E-6
2014-10-28 20:25:52.651	349	0	0	2.188571E-5	9.01867E-6
2014-10-28 20:25:53.033	401	0	0	2.6098036E-5	8.954806E-6
2014-10-28 20:25:53.416	348	0	0	2.296548E-5	8.738198E-6
2014-10-28 20:25:53.798	388	0	0	1.6026313E-5	6.498632E-6
2014-10-28 20:25:54.051	348	0	0	2.7593594E-5	7.398376E-6
2014-10-28 20:25:54.434	376	0	0	3.5650402E-5	8.519649E-6
2014-10-28 20:25:54.815	389	0	0	3.2945627E-5	9.012095E-6
2014-10-28 20:25:55.196	342	0	0	2.8204633E-5	9.077003E-6
2014-10-28 20:25:55.576	378	0	0	4.47742E-5	1.2163138E-5
2014-10-28 20:25:55.958	388	0	0	2.393006E-5	1.0767654E-5
2014-10-28 20:25:56.34	383	0	0	2.9435514E-5	1.05287E-5
2014-10-28 20:25:56.72	350	0	0	2.7723512E-5	1.0271194E-5
2014-10-28 20:25:57.104	374	0	0	1.8642939E-4	1.8916517E-5
2014-10-28 20:26:03.46	416	42	0	3.1331414E-4	9.7466946E-5
2014-10-28 20:26:07.148	372	0	0	1.9217968E-4	3.3145985E-5
2014-10-28 20:26:09.309	346	0	0	0.0013651273	1.6644353E-4
2014-10-28 20:26:13.119	372	0	0	2.5946641E-5	4.243024E-6
2014-10-28 20:26:13.377	374	0	0	3.0524512E-5	5.231659E-6
2014-10-28 20:26:13.759	370	0	0	3.8387927E-5	1.1485407E-5
2014-10-28 20:26:14.138	393	0	0	3.1264488E-5	1.113077E-5
2014-10-28 20:26:14.523	366	0	0	2.6159707E-5	1.0528052E-5
2014-10-28 20:26:14.903	362	0	0	3.3407185E-5	1.0649587E-5
2014-10-28 20:26:15.281	375	0	0	2.3107263E-5	1.0158393E-5
2014-10-28 20:26:15.663	377	0	0	4.0110936E-5	1.0536366E-5
2014-10-28 20:26:16.047	358	0	0	5.7688976E-5	1.3434131E-5
2014-10-28 20:26:16.425	429	0	0	2.2835176E-5	1.1978529E-5
2014-10-28 20:26:16.811	317	0	0	3.192395E-5	1.1711087E-5
2014-10-28 20:26:17.191	467	0	0	4.444927E-5	1.2228643E-5
2014-10-28 20:26:18.209	408	0	0	3.5081135E-5	1.2683445E-5
2014-10-28 20:26:18.587	339	0	0	2.8093682E-5	1.2019667E-5
2014-10-28 20:26:18.969	398	0	0	3.791885E-5	1.2122992E-5
2014-10-28 20:26:19.352	335	0	0	3.2811084E-5	1.1788322E-5
2014-10-28 20:26:19.731	392	0	0	5.1790183E-5	1.3613346E-5
2014-10-28 20:26:20.115	353	0	0	5.2594518E-5	1.4592886E-5
2014-10-28 20:26:20.496	370	0	0	4.955657E-5	1.497808E-5
2014-10-28 20:26:20.877	379	0	0	4.8400794E-5	1.5170667E-5
2014-10-28 20:26:21.258	370	0	0	4.0438495E-5	1.4806548E-5
2014-10-28 20:26:21.638	375	0	0	3.029174E-5	1.3236781E-5
2014-10-28 20:26:22.018	367	0	0	8.393731E-5	1.6922362E-5
2014-10-28 20:26:22.4	385	0	0	7.062055E-5	1.8245924E-5
2014-10-28 20:26:22.656	353	0	0	4.6666646E-5	1.7797529E-5
2014-10-28 20:26:23.039	371	0	0	7.219462E-5	1.9810212E-5
2014-10-28 20:26:23.421	376	0	0	5.3607127E-5	1.9163155E-5
2014-10-28 20:26:23.801	381	0	0	1.4378213E-4	2.6354212E-5
2014-10-28 20:26:24.182	360	0	0	2.059226E-4	3.4811543E-5
2014-10-28 20:26:24.565	370	0	0	8.538978E-5	3.3753495E-5
2014-10-28 20:26:24.945	464	0	0	5.118847E-5	2.2763043E-5
2014-10-28 20:26:26.851	431	0	0	3.622228E-5	1.149591E-5
2014-10-28 20:26:27.231	306	0	0	6.0460927E-5	1.43818215E-5
2014-10-28 20:26:27.613	369	0	0	3.4064487E-5	1.3625074E-5
2014-10-28 20:26:27.87	427	0	0	8.546704E-5	1.6597862E-5
2014-10-28 20:26:28.25	315	0	0	2.005599E-4	2.4973766E-5
2014-10-28 20:26:33.467	372	0	0	3.218855E-4	2.3634393E-5
2014-10-28 20:26:33.848	372	0	0	1.8464553E-4	2.9953413E-5
2014-10-28 20:26:37.916	575	203	0	2.077239E-5	5.778604E-6
2014-10-28 20:26:38.681	381	0	0	4.644823E-5	1.1243508E-5
2014-10-28 20:26:39.062	392	0	0	2.1907552E-5	9.929844E-6
2014-10-28 20:26:39.444	392	0	0	1.8163484E-5	8.961007E-6
2014-10-28 20:26:39.825	340	0	0	2.6518755E-5	8.936723E-6
2014-10-28 20:26:40.203	361	0	0	2.334518E-5	8.744223E-6
2014-10-28 20:26:40.587	364	0	0	2.3888782E-5	7.872327E-6
2014-10-28 20:26:40.972	366	0	0	2.481851E-5	8.00583E-6
2014-10-28 20:26:41.351	372	0	0	3.0863168E-5	8.576303E-6
2014-10-28 20:26:41.731	412	0	0	2.5782638E-5	8.579885E-6
2014-10-28 20:26:41.988	331	0	0	4.1687505E-5	9.465877E-6
2014-10-28 20:26:42.369	381	0	0	2.1146157E-5	1.0472278E-5
2014-10-28 20:26:42.749	360	0	0	2.7471106E-5	1.0033863E-5
2014-10-28 20:26:43.131	379	0	0	3.5671208E-5	1.0497998E-5
2014-10-28 20:26:43.512	365	0	0	2.7382765E-5	1.0223916E-5
2014-10-28 20:26:43.894	402	0	0	2.248118E-5	9.768884E-6
2014-10-28 20:26:44.276	355	0	0	2.742724E-5	8.31807E-6
2014-10-28 20:26:44.655	363	0	0	1.814056E-5	7.5609973E-6
2014-10-28 20:26:45.037	368	0	0	1.5525715E-5	6.9645575E-6
2014-10-28 20:26:45.417	424	0	0	2.4745148E-5	7.2213224E-6
2014-10-28 20:26:45.8	323	0	0	2.5952853E-5	7.4595937E-6
2014-10-28 20:26:46.177	383	0	0	2.470162E-5	8.442413E-6
2014-10-28 20:26:46.562	367	0	0	2.84118E-5	8.785141E-6
2014-10-28 20:26:46.814	398	0	0	2.4145282E-5	8.600963E-6
2014-10-28 20:26:47.198	338	0	0	2.4561044E-5	8.518174E-6
2014-10-28 20:26:47.581	371	0	0	2.0201525E-5	8.220784E-6
2014-10-28 20:26:47.965	375	0	0	1.592943E-5	6.0218263E-6
2014-10-28 20:26:48.344	384	0	0	2.1250136E-5	6.3756775E-6
2014-10-28 20:26:48.725	369	0	0	3.2993463E-5	7.5312128E-6
2014-10-28 20:26:49.103	365	0	0	1.6777294E-5	7.1434565E-6
2014-10-28 20:26:49.487	373	0	0	1.4178291E-5	6.7405635E-6
2014-10-28 20:26:49.869	359	0	0	2.6083857E-5	6.710358E-6
2014-10-28 20:26:50.252	378	0	0	2.1298303E-5	6.84005E-6
2014-10-28 20:26:50.628	394	0	0	1.9180748E-5	6.728433E-6
2014-10-28 20:26:51.012	346	0	0	1.712451E-5	6.5243808E-6
2014-10-28 20:26:51.394	367	0	0	1.6334732E-5	6.3444695E-6
2014-10-28 20:26:51.649	373	0	0	3.083439E-5	7.86152E-6
2014-10-28 20:26:52.031	379	0	0	2.3301567E-5	7.830077E-6
2014-10-28 20:26:52.414	367	0	0	3.1294505E-5	8.480433E-6
2014-10-28 20:26:52.793	415	0	0	2.568599E-5	8.496746E-6
2014-10-28 20:26:53.174	341	0	0	1.8269304E-5	8.095582E-6
2014-10-28 20:26:53.556	356	0	0	2.3407909E-5	6.946202E-6
2014-10-28 20:26:53.936	380	0	0	4.4354732E-5	9.559105E-6
2014-10-28 20:26:54.315	363	0	0	2.9655104E-5	9.6405865E-6
2014-10-28 20:26:54.699	458	0	0	1.6687512E-5	8.82497E-6
2014-10-28 20:26:55.08	349	0	0	1.5794933E-5	8.231638E-6
2014-10-28 20:26:55.464	336	0	0	2.4883473E-5	6.779734E-6
2014-10-28 20:26:55.843	365	0	0	2.1706112E-5	6.9316134E-6
2014-10-28 20:26:56.223	349	0	0	2.7206943E-5	7.465955E-6
2014-10-28 20:26:56.605	384	0	0	3.836779E-5	8.530617E-6
2014-10-28 20:26:56.861	384	0	0	1.9700097E-5	8.2032975E-6
2014-10-28 20:26:57.243	355	0	0	1.7953262E-5	6.2755594E-6
2014-10-28 20:26:57.623	362	0	0	2.3463565E-5	6.7907695E-6
2014-10-28 20:26:58.005	374	0	0	2.0543263E-5	6.8050153E-6
2014-10-28 20:26:58.383	369	0	0	2.3453886E-5	7.0076044E-6
2014-10-28 20:26:58.763	372	0	0	2.8705763E-5	7.4344352E-6
2014-10-28 20:26:59.144	424	0	0	3.0429228E-5	9.855831E-6
2014-10-28 20:26:59.526	358	0	0	3.9781935E-5	1.099077E-5
2014-10-28 20:26:59.911	477	0	0	2.1707649E-5	1.0052047E-5
2014-10-28 20:27:00.669	606	230	0	2.2844744E-5	9.170796E-6
2014-10-28 20:27:01.308	366	0	0	2.4191873E-5	7.181059E-6
2014-10-28 20:27:01.69	388	0	0	3.0124289E-5	7.896152E-6
2014-10-28 20:27:02.068	367	0	0	2.7512904E-5	8.151114E-6
2014-10-28 20:27:02.45	360	0	0	2.1557302E-5	7.990224E-6
2014-10-28 20:27:02.831	370	0	0	2.1281157E-5	7.139743E-6
2014-10-28 20:27:03.212	379	0	0	1.8205358E-4	2.4988005E-5
2014-10-28 20:27:03.592	364	0	0	0.0033726022	2.997912E-4
2014-10-28 20:27:03.974	372	0	0	0.0016471758	3.4964466E-4
2014-10-28 20:27:05.497	368	0	0	0.0056850966	0.0014698649
2014-10-28 20:27:06.896	415	0	0	0.21917237	0.016868452
2014-10-28 20:27:09.182	553	0	0	33.087086	16.013605
2014-10-28 20:27:10.708	399	0	0	154.36412	29.179152
2014-10-28 20:27:16.17	597	0	0	0.2582025	0.1054331
2014-10-28 20:27:16.551	595	0	0	0.21862504	0.10000675
2014-10-28 20:27:17.313	591	0	0	0.2832493	0.083645724
2014-10-28 20:27:17.695	590	0	0	0.37199536	0.09709663
2014-10-28 20:27:18.46	592	0	0	0.49356243	0.113952674
2014-10-28 20:27:19.216	590	218	0	0.3913003	0.11944627
2014-10-28 20:27:19.598	597	0	0	0.26053807	0.108639725
2014-10-28 20:27:20.362	602	0	0	0.254822	0.10074004
2014-10-28 20:27:21.122	612	240	0	1.7688124	0.1973108
2014-10-28 20:27:21.378	603	0	0	0.3065478	0.1814561
2014-10-28 20:27:22.168	629	0	0	0.32781267	0.10572674
2014-10-28 20:27:22.901	633	0	0	0.34452692	0.10876525
2014-10-28 20:27:23.283	634	0	0	0.3651561	0.112003624
2014-10-28 20:27:24.071	633	0	0	0.23504227	0.10527239
2014-10-28 20:27:24.806	620	0	0	0.21107316	0.09945328
2014-10-28 20:27:25.189	608	0	0	0.2861389	0.08286867
2014-10-28 20:27:25.948	603	0	0	0.25624457	0.0837174
2014-10-28 20:27:26.584	610	238	0	4.8354945	0.52613556
2014-10-28 20:27:26.966	500	0	0	3.2277837	0.61776763
2014-10-28 20:27:27.346	447	0	0	1.8945981	0.85373026
2014-10-28 20:27:32.937	612	0	0	0.36098483	0.1848193
2014-10-28 20:27:33.697	615	0	0	0.6589772	0.19643258
2014-10-28 20:27:34.46	620	0	0	1.0133578	0.23177092
2014-10-28 20:27:34.84	626	0	0	1.0354509	0.25444677
2014-10-28 20:27:35.479	626	0	0	1.3177028	0.2852447
2014-10-28 20:27:36.24	634	0	0	1.0031109	0.3868023
2014-10-28 20:27:36.621	641	0	0	0.79134226	0.34579512
2014-10-28 20:27:37.382	649	0	0	0.5159215	0.3023398
2014-10-28 20:27:38.145	631	0	0	0.9257202	0.3035865
2014-10-28 20:27:38.906	637	0	0	1.063377	0.31206527
2014-10-28 20:27:39.288	645	0	0	1.0226612	0.34767303
2014-10-28 20:27:40.05	646	0	0	1.1541178	0.36001733
2014-10-28 20:27:40.686	637	0	0	0.9849771	0.3520944
2014-10-28 20:27:41.071	630	0	0	0.53941554	0.31763655
2014-10-28 20:27:41.832	618	0	0	0.5633346	0.29599348
2014-10-28 20:27:42.594	610	0	0	1.1930711	0.2927343
2014-10-28 20:27:42.975	618	0	0	1.0414664	0.31087467
2014-10-28 20:27:46.28	605	0	0	1.3097466	0.3710223
2014-10-28 20:27:46.663	614	0	0	1.1705185	0.37485242
2014-10-28 20:27:47.422	614	0	0	1.3878694	0.38948086
2014-10-28 20:27:48.183	616	0	0	1.3566382	0.45741794
2014-10-28 20:27:48.563	618	0	0	1.098785	0.4270325
2014-10-28 20:27:49.325	611	0	0	0.75548226	0.38323125
2014-10-28 20:27:50.089	602	0	0	1.2805961	0.3919581
2014-10-28 20:27:50.468	605	0	0	0.93222624	0.37842205
2014-10-28 20:27:51.109	600	0	0	1.2672033	0.36657158
2014-10-28 20:27:51.869	600	0	0	1.4473553	0.4051983
2014-10-28 20:27:52.251	602	0	0	0.93354815	0.3816944
2014-10-28 20:27:53.013	600	0	0	0.89903414	0.36529112
2014-10-28 20:27:53.393	594	0	0	1.7018502	0.3989565
2014-10-28 20:27:54.154	596	0	0	2.1757302	0.6462634
2014-10-28 20:27:54.916	587	0	0	1.7557378	0.6259242
2014-10-28 20:27:55.172	572	0	0	1.2054521	0.5698975
2014-10-28 20:27:55.933	569	0	0	1.9777505	0.587768
2014-10-28 20:27:56.315	574	0	0	2.3333292	0.6194361
2014-10-28 20:27:57.077	589	0	0	1.2155832	0.59148544
2014-10-28 20:27:57.458	592	0	0	1.103962	0.5169861
2014-10-28 20:27:58.222	607	0	0	1.7019848	0.5295716
2014-10-28 20:27:58.98	619	0	0	1.4294243	0.51895225
2014-10-28 20:27:59.362	630	0	0	1.4216783	0.51144236
2014-10-28 20:28:00.0	636	0	0	0.77572584	0.36623403
2014-10-28 20:28:00.76	629	0	0	0.5604539	0.30642867
2014-10-28 20:28:01.141	618	0	0	0.9562899	0.30951235
2014-10-28 20:28:01.909	626	0	0	1.1302348	0.32295886
2014-10-28 20:28:02.669	618	0	0	1.16982	0.3341224
2014-10-28 20:28:03.049	627	0	0	0.60939705	0.29653618
2014-10-28 20:28:03.81	605	0	0	0.6251772	0.2671549
2014-10-28 20:28:04.578	602	0	0	1.0519185	0.28802606
2014-10-28 20:28:04.833	615	0	0	1.650618	0.34046206
2014-10-28 20:28:05.592	624	0	0	1.4937031	0.36670187
2014-10-28 20:28:06.353	626	0	0	1.6227748	0.519413
2014-10-28 20:28:06.733	639	0	0	0.8296152	0.43845478
2014-10-28 20:28:07.497	618	0	0	0.722588	0.38905677
2014-10-28 20:28:08.257	623	0	0	1.1609491	0.38864204
2014-10-28 20:28:08.641	622	0	0	1.4363722	0.40366682
2014-10-28 20:28:09.4	622	0	0	1.261837	0.44970155
2014-10-28 20:28:10.038	623	0	0	1.4062566	0.4560518
2014-10-28 20:28:10.418	623	0	0	0.7290185	0.4027904
2014-10-28 20:28:11.183	608	0	0	0.92752045	0.38406697
2014-10-28 20:28:11.942	611	0	0	1.1378562	0.38327006
2014-10-28 20:28:12.326	618	0	0	1.3923934	0.42170826
2014-10-28 20:28:13.089	619	0	0	1.2869056	0.42412838
2014-10-28 20:28:13.847	623	0	0	1.1512406	0.41403303
2014-10-28 20:28:14.229	627	0	0	0.66829157	0.37577918
2014-10-28 20:28:14.865	618	0	0	0.82678485	0.35908177
2014-10-28 20:28:15.629	617	0	0	1.262019	0.34813395
2014-10-28 20:28:16.011	618	0	0	1.3366961	0.3806111
2014-10-28 20:28:16.77	624	0	0	1.3317671	0.39643893
2014-10-28 20:28:17.533	624	0	0	0.6194655	0.35844883
2014-10-28 20:28:17.913	616	0	0	0.6552264	0.3351088
2014-10-28 20:28:18.676	603	0	0	1.2211555	0.3127303
2014-10-28 20:28:19.438	609	0	0	1.576752	0.38368154
2014-10-28 20:28:19.695	611	0	0	1.4687293	0.41015527
2014-10-28 20:28:20.457	608	0	0	1.2637457	0.41237393
2014-10-28 20:28:21.216	613	0	0	0.6905098	0.38200662
2014-10-28 20:28:21.6	599	0	0	1.3246688	0.3358631
2014-10-28 20:28:22.361	604	0	0	1.2240027	0.35990906
2014-10-28 20:28:22.742	605	0	0	0.4153472	0.30454406
2014-10-28 20:28:23.507	615	3	0	0.9822267	0.33618167
2014-10-28 20:28:24.264	612	0	0	0.767782	0.29166812
2014-10-28 20:28:24.522	600	0	0	1.0228208	0.30809218
2014-10-28 20:28:25.286	603	0	0	1.1934068	0.3305197
2014-10-28 20:28:26.044	605	0	0	1.3207146	0.3524634
2014-10-28 20:28:26.425	607	0	0	1.5642064	0.38061985
2014-10-28 20:28:27.188	601	0	0	0.784746	0.39149204
2014-10-28 20:28:27.949	606	0	0	0.6302912	0.33102706
2014-10-28 20:28:28.33	609	0	0	1.0977583	0.33975014
2014-10-28 20:28:29.092	606	0	0	1.6474378	0.38162932
2014-10-28 20:28:29.473	613	0	0	1.3928301	0.39540386
2014-10-28 20:28:30.109	607	0	0	1.3307974	0.45393792
2014-10-28 20:28:30.873	598	0	0	0.8175636	0.39346567
2014-10-28 20:28:31.252	604	0	0	1.1055887	0.38723168
2014-10-28 20:28:32.014	596	0	0	1.0983753	0.38301036
2014-10-28 20:28:32.775	595	0	0	1.1920666	0.38540122
2014-10-28 20:28:33.157	592	0	0	1.1153435	0.38456833
2014-10-28 20:28:33.918	598	0	0	1.2419386	0.39437208
2014-10-28 20:28:34.299	603	0	0	0.7111222	0.35503924
2014-10-28 20:28:34.938	591	0	0	0.73469454	0.33301103
2014-10-28 20:28:35.697	583	0	0	1.1321219	0.34040487
2014-10-28 20:28:36.079	592	0	0	1.3889813	0.4201839
2014-10-28 20:28:36.843	595	0	0	1.7340565	0.47279552
2014-10-28 20:28:37.224	597	0	0	2.239665	0.5412354
2014-10-28 20:28:37.984	604	0	0	0.785414	0.48534927
2014-10-28 20:28:38.746	590	0	0	0.8547479	0.45194373
2014-10-28 20:28:39.129	589	0	0	1.1666014	0.33689156
2014-10-28 20:28:39.764	595	0	0	0.9538048	0.3305727
2014-10-28 20:28:40.147	594	0	0	1.5198623	0.3745847
2014-10-28 20:28:40.906	597	0	0	1.0066094	0.36677507
2014-10-28 20:28:41.669	602	0	0	0.80097616	0.3501446
2014-10-28 20:28:42.049	585	0	0	1.6104803	0.40190944
2014-10-28 20:28:42.811	593	0	0	1.5846815	0.44401535
2014-10-28 20:28:43.194	596	0	0	1.8174458	0.48446533
2014-10-28 20:28:43.954	600	0	0	0.9867255	0.45335397
2014-10-28 20:28:44.716	593	0	0	0.7998658	0.42223194
2014-10-28 20:28:44.973	588	0	0	1.6022928	0.40035975
2014-10-28 20:28:45.733	594	0	0	1.8295622	0.4701912
2014-10-28 20:28:46.12	602	0	0	1.5111735	0.4785745
2014-10-28 20:28:46.879	600	0	0	1.5461905	0.48593894
2014-10-28 20:28:47.642	613	0	0	0.70871127	0.444322
2014-10-28 20:28:48.022	605	0	0	1.2466476	0.32589313
2014-10-28 20:28:48.783	608	0	0	1.3836603	0.37100217
2014-10-28 20:28:49.421	613	0	0	1.3963324	0.39461264
2014-10-28 20:28:49.8	610	0	0	1.4116721	0.40980157
2014-10-28 20:28:50.561	616	0	0	1.1139251	0.40338603
2014-10-28 20:28:50.944	607	0	0	0.6415938	0.29258648
2014-10-28 20:28:51.707	591	0	0	0.89686966	0.29470983
2014-10-28 20:28:52.466	601	0	0	1.4494123	0.34181675
2014-10-28 20:28:52.848	600	0	0	1.4709691	0.37151802
2014-10-28 20:28:53.61	597	0	0	1.4914347	0.39245582
2014-10-28 20:28:54.246	599	0	0	1.1523786	0.44063553
2014-10-28 20:28:54.627	600	0	0	0.65225685	0.36623
2014-10-28 20:28:55.388	585	0	0	0.95100945	0.3539233
2014-10-28 20:28:55.77	594	0	0	1.4191418	0.3777481
2014-10-28 20:28:56.531	607	0	0	1.1748397	0.3800589
2014-10-28 20:28:57.293	606	0	0	1.632339	0.4678631
2014-10-28 20:28:57.676	615	0	0	0.6232169	0.38115504
2014-10-28 20:28:58.438	608	0	0	0.65678006	0.340598
2014-10-28 20:28:58.818	604	0	0	0.37679523	0.2975981
2014-10-28 20:28:59.456	593	0	0	0.9261988	0.29945388
2014-10-28 20:29:00.215	599	0	0	0.92561257	0.30863523
2014-10-28 20:29:00.596	593	0	0	1.1001241	0.32799283
2014-10-28 20:29:01.36	600	0	0	0.96307576	0.32625094
2014-10-28 20:29:01.742	596	0	0	1.846117	0.38407525
2014-10-28 20:29:03.644	594	0	0	1.146841	0.813948
2014-10-28 20:29:04.282	595	0	0	91.37683	8.225197
2014-10-28 20:29:10.258	613	0	0	0.0069102864	0.005651316
2014-10-28 20:29:14.703	640	0	0	0.031421058	0.0052126492
2014-10-28 20:29:15.463	632	0	0	0.034340672	0.0062516895
2014-10-28 20:29:15.845	629	0	0	0.028329745	0.0104450695
2014-10-28 20:29:16.611	629	0	0	0.06815158	0.014535778
2014-10-28 20:29:17.371	623	0	0	0.017522484	0.012362041
2014-10-28 20:29:19.149	613	0	0	0.048201554	0.011994188
2014-10-28 20:29:19.531	617	0	0	0.053500246	0.0169503
2014-10-28 20:29:20.293	615	0	0	0.09190041	0.021511355
2014-10-28 20:29:21.053	618	0	0	0.053524766	0.020593913
2014-10-28 20:29:22.96	612	0	0	0.05877401	0.018889358
2014-10-28 20:29:23.341	627	0	0	0.051790826	0.018427473
2014-10-28 20:29:23.975	633	0	0	0.0755233	0.02067646
2014-10-28 20:29:24.74	632	0	0	0.041912682	0.019000068
2014-10-28 20:29:25.12	627	0	0	0.022118084	0.016674595
2014-10-28 20:29:25.881	628	0	0	0.026393294	0.01536179
2014-10-28 20:29:26.643	616	0	0	0.09037451	0.0194613
2014-10-28 20:29:27.406	624	0	0	0.045646064	0.018045986
2014-10-28 20:29:27.787	629	0	0	0.07897216	0.020115502
2014-10-28 20:29:28.422	622	0	0	0.05039896	0.019452333
2014-10-28 20:29:29.186	617	0	0	0.028467342	0.017791798
2014-10-28 20:29:30.708	610	0	0	0.070374876	0.019463742
2014-10-28 20:29:31.471	617	0	0	0.099176794	0.022862539
2014-10-28 20:29:32.232	616	0	0	0.10070473	0.02500368
2014-10-28 20:29:32.616	623	0	0	0.04764144	0.023483148
2014-10-28 20:29:34.393	619	0	0	0.059288092	0.015881615
2014-10-28 20:29:35.155	616	0	0	0.07233159	0.017938843
2014-10-28 20:29:35.917	621	0	0	0.094013534	0.020618644
2014-10-28 20:29:36.297	620	0	0	0.040923458	0.019455727
2014-10-28 20:29:37.061	617	0	0	0.029528745	0.011742033
2014-10-28 20:29:37.821	613	0	0	0.026593957	0.010782906
2014-10-28 20:29:38.203	612	0	0	0.06918988	0.013853002
2014-10-28 20:29:38.838	618	0	0	0.07089622	0.015808817
2014-10-28 20:29:39.602	619	0	0	0.060610563	0.016541267
2014-10-28 20:29:39.981	619	0	0	0.04581422	0.017737463
2014-10-28 20:29:41.889	616	0	0	0.09270963	0.020038603
2014-10-28 20:29:42.648	616	0	0	0.100296855	0.02271734
2014-10-28 20:29:43.285	618	0	0	0.13894247	0.02665014
2014-10-28 20:29:43.667	619	0	0	0.057371505	0.032718997
2014-10-28 20:29:45.578	612	0	0	0.11495513	0.03157456
2014-10-28 20:29:46.34	616	0	0	0.117365666	0.033084024
2014-10-28 20:29:47.099	617	0	0	0.19549441	0.03843082
2014-10-28 20:29:47.48	625	0	0	0.17609999	0.0619324
2014-10-28 20:29:48.119	629	0	0	0.070305735	0.049100015
2014-10-28 20:29:50.784	653	0	0	0.14446919	0.043227527
2014-10-28 20:29:51.546	659	0	0	0.15369701	0.044561666
2014-10-28 20:29:51.927	660	0	0	0.12011167	0.04563478
2014-10-28 20:29:52.692	670	0	0	0.13062578	0.044937164
2014-10-28 20:29:53.326	656	0	0	0.20235355	0.05056567
2014-10-28 20:29:54.089	651	0	0	0.16965325	0.05176275
2014-10-28 20:29:54.85	647	0	0	0.11291839	0.049408868
2014-10-28 20:29:57.136	637	0	0	0.11654861	0.0358369
2014-10-28 20:29:57.774	638	0	0	0.116152585	0.03655706
2014-10-28 20:29:58.536	635	0	0	0.16173223	0.040027793
2014-10-28 20:29:59.296	632	0	0	0.052979548	0.036299802
2014-10-28 20:30:01.2	624	0	0	0.123287946	0.030085968
2014-10-28 20:30:01.581	628	0	0	0.22576335	0.04137809
2014-10-28 20:30:02.343	633	0	0	0.18849564	0.04566885
2014-10-28 20:30:06.029	411	0	0	264.7542	38.72305
2014-10-28 20:30:06.408	557	0	0	276.52206	49.41324
2014-10-28 20:30:07.169	532	202	0	113.5379	64.81614
2014-10-28 20:30:12.758	369	0	0	6.219703E-5	1.2647277E-5
2014-10-28 20:30:13.014	372	0	0	1.3992835E-4	1.8313194E-5
2014-10-28 20:30:13.395	384	0	0	1.1158067E-4	4.191817E-5
2014-10-28 20:30:13.776	399	0	0	4.2510746E-4	7.51796E-5
2014-10-28 20:30:14.157	365	0	0	2.4684708E-4	7.695529E-5
2014-10-28 20:30:16.829	502	0	0	8.5830386E-4	1.3291165E-4
2014-10-28 20:30:17.205	372	0	0	8.569183E-4	2.8587037E-4
2014-10-28 20:30:17.586	458	0	0	0.0020853255	4.2228308E-4
2014-10-28 20:30:23.813	388	0	0	7.494606E-5	1.8425E-5
2014-10-28 20:30:24.192	354	0	0	8.260042E-5	2.070212E-5
2014-10-28 20:30:24.574	378	0	0	4.1266576E-5	1.9312802E-5
2014-10-28 20:30:24.955	361	0	0	8.7256936E-5	2.094161E-5
2014-10-28 20:30:25.359	412	0	0	4.901426E-5	2.2711865E-5
2014-10-28 20:30:25.726	378	0	0	1.03577186E-4	2.664982E-5
2014-10-28 20:30:26.103	372	0	0	7.704006E-5	2.640737E-5
2014-10-28 20:30:26.484	328	0	0	5.3993783E-5	2.4725481E-5
2014-10-28 20:30:26.864	404	0	0	5.3169653E-5	2.3558438E-5
2014-10-28 20:30:27.247	370	0	0	4.599617E-5	1.6527638E-5
2014-10-28 20:30:27.502	336	0	0	5.897054E-5	1.7570706E-5
2014-10-28 20:30:27.882	398	0	0	4.91011E-5	1.726979E-5
2014-10-28 20:30:28.263	346	0	0	7.002876E-5	1.8484416E-5
2014-10-28 20:30:28.643	369	0	0	1.8378109E-4	2.5613741E-5
2014-10-28 20:30:29.024	375	0	0	1.1405358E-4	4.963911E-5
2014-10-28 20:30:29.405	409	0	0	9.091001E-5	4.3193853E-5
2014-10-28 20:30:29.787	480	0	0	6.346337E-5	3.7684003E-5
2014-10-28 20:30:31.309	594	222	0	7.0129965E-5	2.6439056E-5
2014-10-28 20:30:32.329	398	0	0	9.7841505E-5	2.6576277E-5
2014-10-28 20:30:32.708	490	0	0	7.102928E-5	2.814513E-5
2014-10-28 20:30:33.47	586	222	0	8.612247E-5	2.4142568E-5
2014-10-28 20:30:34.612	372	0	0	4.61894E-5	1.5837624E-5
2014-10-28 20:30:34.994	380	0	0	7.1461516E-5	1.8498586E-5
2014-10-28 20:30:35.376	398	0	0	5.3673666E-5	1.8346744E-5
2014-10-28 20:30:35.755	356	0	0	6.893097E-5	1.9272793E-5
2014-10-28 20:30:36.143	357	0	0	4.1076753E-5	1.8342702E-5
2014-10-28 20:30:36.518	366	0	0	3.540846E-4	6.586022E-5
2014-10-28 20:30:38.679	468	0	0	5.5808472E-5	4.3668595E-5
2014-10-28 20:30:40.205	498	0	0	5.1777733E-5	1.6162783E-5
2014-10-28 20:30:40.966	565	213	0	5.2639898E-5	1.564053E-5
2014-10-28 20:30:41.984	379	0	0	4.975394E-4	1.8779845E-4
2014-10-28 20:30:43.128	513	85	0	9.832868E-4	1.8881628E-4
2014-10-28 20:30:43.505	389	0	0	8.1461616E-4	2.0260335E-4
2014-10-28 20:30:43.889	492	0	0	0.002131156	4.90962E-4
2014-10-28 20:30:53.541	365	0	0	9.920344E-5	1.777896E-5
2014-10-28 20:30:53.922	370	0	0	7.445717E-5	1.9538986E-5
2014-10-28 20:30:54.307	385	0	0	9.011427E-5	2.1638807E-5
2014-10-28 20:30:54.686	369	0	0	6.4249114E-5	2.1601734E-5
2014-10-28 20:30:55.068	391	0	0	6.819481E-5	2.2073988E-5
2014-10-28 20:30:55.446	376	0	0	6.6105764E-5	2.2061075E-5
2014-10-28 20:30:55.828	337	0	0	4.2578158E-5	2.0093987E-5
2014-10-28 20:30:56.21	446	0	0	1.07974614E-4	2.3273496E-5
2014-10-28 20:30:56.589	323	0	0	1.18866104E-4	2.5998253E-5
2014-10-28 20:30:56.844	354	0	0	4.944376E-5	2.8051645E-5
2014-10-28 20:30:57.228	419	0	0	3.648677E-5	2.275518E-5
2014-10-28 20:30:57.606	382	0	0	6.181973E-5	2.2218032E-5
2014-10-28 20:30:57.988	316	0	0	3.5863275E-5	2.0165311E-5
2014-10-28 20:30:58.369	432	0	0	5.3705116E-5	1.9788044E-5
2014-10-28 20:30:58.749	306	0	0	3.3415614E-5	1.4520122E-5
2014-10-28 20:30:59.132	373	0	0	6.468409E-5	1.6867203E-5
2014-10-28 20:30:59.511	403	0	0	5.162886E-5	1.6952807E-5
2014-10-28 20:30:59.892	331	0	0	6.112342E-5	1.7637141E-5
2014-10-28 20:31:00.276	384	0	0	5.6260316E-5	1.7823191E-5
2014-10-28 20:31:00.654	357	0	0	5.3563752E-5	1.8304012E-5
2014-10-28 20:31:01.036	416	0	0	4.64545E-5	1.7364286E-5
2014-10-28 20:31:01.415	350	0	0	5.9624377E-5	1.7991913E-5
2014-10-28 20:31:01.671	383	0	0	9.08331E-5	2.044907E-5
2014-10-28 20:31:02.055	360	0	0	6.1734616E-5	2.0470592E-5
2014-10-28 20:31:02.434	439	0	0	4.4022687E-5	1.7626217E-5
2014-10-28 20:31:02.816	302	0	0	5.145711E-5	1.7468268E-5
2014-10-28 20:31:03.196	351	0	0	3.6875233E-5	1.6174137E-5
2014-10-28 20:31:03.577	394	0	0	1.2498892E-4	2.1271904E-5
2014-10-28 20:31:03.958	351	0	0	7.789538E-5	2.205411E-5
2014-10-28 20:31:04.338	386	0	0	7.721442E-5	2.5851632E-5
2014-10-28 20:31:04.72	526	0	0	4.0443705E-5	2.1728165E-5
2014-10-28 20:31:05.481	605	208	0	9.84769E-4	8.93874E-5
2014-10-28 20:31:09.932	485	120	0	5.2417192E-5	2.8245222E-5
2014-10-28 20:31:10.309	370	0	0	1.1196029E-4	2.7396245E-5
2014-10-28 20:31:10.692	408	0	0	4.101276E-5	2.2821137E-5
2014-10-28 20:31:12.094	379	0	0	6.319151E-5	1.9048926E-5
2014-10-28 20:31:12.471	366	0	0	4.865386E-5	1.810527E-5
2014-10-28 20:31:12.855	403	0	0	4.745971E-5	1.7533928E-5
2014-10-28 20:31:13.237	346	0	0	3.1522428E-5	1.6128637E-5
2014-10-28 20:31:13.619	433	0	0	5.177695E-5	1.6317028E-5
2014-10-28 20:31:13.999	330	0	0	7.977308E-5	2.1925007E-5
2014-10-28 20:31:14.38	416	0	0	5.727439E-5	2.0980493E-5
2014-10-28 20:31:14.759	322	0	0	6.8194764E-5	2.1418266E-5
2014-10-28 20:31:15.143	373	0	0	5.727301E-5	2.0952813E-5
2014-10-28 20:31:15.523	345	0	0	5.3357937E-5	2.0425008E-5
2014-10-28 20:31:15.904	400	0	0	5.2519877E-5	1.7646302E-5
2014-10-28 20:31:16.288	350	0	0	4.352491E-5	1.6600303E-5
2014-10-28 20:31:16.538	377	0	0	4.6693985E-5	1.6341392E-5
2014-10-28 20:31:16.922	369	0	0	1.08074455E-4	2.0278077E-5
2014-10-28 20:31:17.303	373	0	0	5.4216E-5	1.99104E-5
2014-10-28 20:31:17.681	408	0	0	5.9100865E-5	1.8886145E-5
2014-10-28 20:31:18.065	407	0	0	4.238503E-5	1.730021E-5
2014-10-28 20:31:18.447	320	0	0	3.4334145E-5	1.5836338E-5
2014-10-28 20:31:18.825	350	0	0	4.7570018E-5	1.5840405E-5
2014-10-28 20:31:19.206	359	0	0	6.481868E-5	1.6801376E-5
2014-10-28 20:31:19.59	414	0	0	4.1443018E-5	1.7710283E-5
2014-10-28 20:31:19.97	343	0	0	4.2260974E-5	1.6502518E-5
2014-10-28 20:31:20.349	365	0	0	2.899415E-5	1.4793069E-5
2014-10-28 20:31:20.731	366	0	0	3.429327E-5	1.4120672E-5
2014-10-28 20:31:21.117	397	0	0	5.8038735E-5	1.4991601E-5
2014-10-28 20:31:21.372	344	0	0	4.049788E-5	1.642277E-5
2014-10-28 20:31:21.75	391	0	0	4.8152975E-5	1.6298844E-5
2014-10-28 20:31:22.132	363	0	0	4.5009172E-5	1.5974898E-5
2014-10-28 20:31:22.513	391	0	0	5.230123E-5	1.6266667E-5
2014-10-28 20:31:22.895	342	0	0	5.4489425E-5	1.6582746E-5
2014-10-28 20:31:23.275	369	0	0	3.7738522E-5	1.5371324E-5
2014-10-28 20:31:23.658	388	0	0	4.6339745E-5	1.539641E-5
2014-10-28 20:31:24.039	361	0	0	5.1412204E-5	1.5831658E-5
2014-10-28 20:31:24.42	369	0	0	4.1778658E-5	1.545057E-5
2014-10-28 20:31:24.802	376	0	0	3.4735353E-5	1.4805217E-5
2014-10-28 20:31:25.183	374	0	0	3.9672865E-5	1.240137E-5
2014-10-28 20:31:25.566	361	0	0	3.6179947E-5	1.22875745E-5
2014-10-28 20:31:25.944	373	0	0	4.1589625E-5	1.2681482E-5
2014-10-28 20:31:26.327	370	0	0	1.0323244E-4	1.7027349E-5
2014-10-28 20:31:26.583	376	0	0	4.7968035E-5	1.6854348E-5
2014-10-28 20:31:26.963	388	0	0	7.7647135E-5	2.0935862E-5
2014-10-28 20:31:27.343	385	0	0	3.958892E-5	1.835601E-5
2014-10-28 20:31:27.725	347	0	0	3.6625464E-5	1.681913E-5
2014-10-28 20:31:28.104	368	0	0	3.7141686E-5	1.5931417E-5
2014-10-28 20:31:28.492	375	0	0	5.257028E-5	1.6196753E-5
2014-10-28 20:31:28.866	446	0	0	6.508538E-5	1.9609279E-5
2014-10-28 20:31:30.389	381	0	0	3.318704E-5	1.6036105E-5
2014-10-28 20:31:30.77	346	0	0	4.7586367E-5	1.3462234E-5
2014-10-28 20:31:31.029	370	0	0	5.3284024E-5	1.4895269E-5
2014-10-28 20:31:31.408	382	0	0	9.537055E-5	1.9118997E-5
2014-10-28 20:31:31.787	416	0	0	5.6132503E-5	1.9037365E-5
2014-10-28 20:31:32.168	348	0	0	5.3985605E-5	1.8863671E-5
2014-10-28 20:31:32.552	346	0	0	6.5464235E-5	1.9908306E-5
2014-10-28 20:31:32.93	388	0	0	4.875376E-5	1.868929E-5
2014-10-28 20:31:33.313	364	0	0	4.6932913E-5	1.7928043E-5
2014-10-28 20:31:33.692	388	0	0	6.473817E-5	1.8658313E-5
2014-10-28 20:31:34.073	420	0	0	2.0235896E-4	2.6790758E-5
2014-10-28 20:31:35.854	600	257	0	3.7976835E-5	2.7914677E-5
2014-10-28 20:31:36.616	392	0	0	3.4934325E-5	1.3164795E-5
2014-10-28 20:31:36.997	347	0	0	3.62417E-5	1.2803386E-5
2014-10-28 20:31:37.377	376	0	0	3.0174218E-5	1.2117057E-5
2014-10-28 20:31:37.758	365	0	0	3.8006106E-5	1.2227386E-5
2014-10-28 20:31:38.139	369	0	0	3.636078E-5	1.22095325E-5
2014-10-28 20:31:38.52	383	0	0	5.3102183E-5	1.49104935E-5
2014-10-28 20:31:38.901	388	0	0	4.6480443E-5	1.5104823E-5
2014-10-28 20:31:39.284	364	0	0	1.5721601E-4	2.4429952E-5
2014-10-28 20:31:39.663	417	0	0	5.00435E-5	2.2880195E-5
2014-10-28 20:31:40.046	403	0	0	6.206525E-5	2.25149E-5
2014-10-28 20:31:41.824	617	216	0	4.164946E-5	2.6769607E-5
2014-10-28 20:31:50.476	504	55	0	5.794075E-5	2.893782E-5
2014-10-28 20:31:56.704	363	0	0	1.4587406E-4	2.3121449E-5
2014-10-28 20:31:57.085	373	0	0	9.611903E-5	2.460782E-5
2014-10-28 20:31:57.47	377	0	0	6.0979553E-5	2.6183096E-5
2014-10-28 20:31:57.849	390	0	0	0.044602808	0.004973323
2014-10-28 20:32:01.919	410	29	0	4.489751E-5	1.3146632E-5
2014-10-28 20:32:02.301	362	0	0	4.132731E-5	1.4370803E-5
2014-10-28 20:32:02.683	372	0	0	8.123879E-5	1.8607068E-5
2014-10-28 20:32:03.064	370	0	0	9.11379E-5	2.1550126E-5
2014-10-28 20:32:03.445	399	0	0	8.367795E-5	2.281863E-5
2014-10-28 20:32:03.823	367	0	0	5.793068E-5	2.2233895E-5
2014-10-28 20:32:04.207	383	0	0	7.55747E-5	2.2250897E-5
2014-10-28 20:32:04.588	392	0	0	4.4275595E-5	1.9753443E-5
2014-10-28 20:32:04.845	327	0	0	1.336729E-4	2.595449E-5
2014-10-28 20:32:05.224	388	0	0	4.245966E-5	2.3594237E-5
2014-10-28 20:32:05.606	347	0	0	4.836035E-5	2.234855E-5
2014-10-28 20:32:05.987	385	0	0	5.0055336E-5	1.6402615E-5
2014-10-28 20:32:06.367	360	0	0	5.995189E-5	1.7596398E-5
2014-10-28 20:32:06.75	390	0	0	5.4202384E-5	1.7714163E-5
2014-10-28 20:32:07.13	349	0	0	4.4849843E-5	1.716132E-5
2014-10-28 20:32:07.512	371	0	0	5.8727364E-5	1.756373E-5
2014-10-28 20:32:07.892	396	0	0	6.2006344E-5	2.0122285E-5
2014-10-28 20:32:08.276	347	0	0	9.485651E-5	2.3954468E-5
2014-10-28 20:32:08.655	371	0	0	4.7488436E-5	2.1923219E-5
2014-10-28 20:32:09.037	376	0	0	7.236022E-5	2.236259E-5
2014-10-28 20:32:09.292	405	0	0	8.795943E-5	2.3522125E-5
2014-10-28 20:32:09.676	338	0	0	9.1700895E-5	2.9943389E-5
2014-10-28 20:32:10.056	380	0	0	1.0002663E-4	3.107633E-5
2014-10-28 20:32:10.439	360	0	0	1.1876326E-4	3.3204185E-5
2014-10-28 20:32:10.82	389	0	0	2.2664655E-4	4.167312E-5
2014-10-28 20:32:11.2	396	0	0	0.015212327	8.798568E-4
2014-10-28 20:32:17.939	360	0	0	9.6468684E-5	1.0654549E-5
2014-10-28 20:32:18.319	370	0	0	6.56593E-5	2.702133E-5
2014-10-28 20:32:18.701	379	0	0	7.6560274E-5	2.6520916E-5
2014-10-28 20:32:18.956	374	0	0	1.12347436E-4	2.9252973E-5
2014-10-28 20:32:19.337	361	0	0	8.513017E-5	2.9077723E-5
2014-10-28 20:32:19.719	401	0	0	7.000121E-5	2.8120392E-5
2014-10-28 20:32:20.097	452	0	0	1.054357E-4	2.9239483E-5
2014-10-28 20:32:21.241	364	0	0	8.691487E-5	3.0932428E-5
2014-10-28 20:32:21.624	483	0	0	9.2800736E-5	3.093262E-5
2014-10-28 20:32:22.767	395	0	0	2.4741178E-4	4.205377E-5
2014-10-28 20:32:23.148	433	0	0	6.272769E-5	3.782486E-5
2014-10-28 20:32:23.53	385	0	0	7.731582E-5	3.581604E-5
2014-10-28 20:32:24.544	367	0	0	6.848969E-5	2.7621725E-5
2014-10-28 20:32:24.927	422	0	0	5.392962E-5	2.5692689E-5
2014-10-28 20:32:25.31	316	0	0	1.4683491E-4	2.9568067E-5
2014-10-28 20:32:25.689	371	0	0	7.203218E-5	3.647785E-5
2014-10-28 20:32:26.071	416	0	0	7.767304E-5	3.29489E-5
2014-10-28 20:32:26.455	326	0	0	6.809655E-5	3.038639E-5
2014-10-28 20:32:26.834	404	0	0	6.7390574E-5	2.8801818E-5
2014-10-28 20:32:27.213	460	0	0	1.4581226E-4	3.2102198E-5
2014-10-28 20:32:27.594	326	0	0	4.7599515E-5	3.2235297E-5
2014-10-28 20:32:27.979	427	0	0	6.603464E-5	2.882738E-5
2014-10-28 20:32:29.756	391	0	0	5.3209245E-5	1.706429E-5
2014-10-28 20:32:30.139	352	0	0	4.6615085E-5	1.6682809E-5
2014-10-28 20:32:30.521	392	0	0	1.428921E-4	2.2872386E-5
2014-10-28 20:32:30.902	378	0	0	5.73908E-5	2.22487E-5
2014-10-28 20:32:31.281	367	0	0	6.134586E-5	1.9789442E-5
2014-10-28 20:32:31.665	355	0	0	5.8517016E-5	1.9694853E-5
2014-10-28 20:32:32.046	365	0	0	7.373962E-5	2.0916108E-5
2014-10-28 20:32:32.427	391	0	0	6.194539E-5	2.086258E-5
2014-10-28 20:32:32.806	353	0	0	7.322374E-5	2.1453468E-5
2014-10-28 20:32:33.187	413	0	0	5.9587062E-5	2.2135135E-5
2014-10-28 20:32:33.57	334	0	0	6.542877E-5	2.2026621E-5
2014-10-28 20:32:33.823	368	0	0	6.777572E-5	2.2167942E-5
2014-10-28 20:32:34.203	371	0	0	5.882923E-5	2.16563E-5
2014-10-28 20:32:34.585	373	0	0	7.4192E-5	2.2168695E-5
2014-10-28 20:32:34.966	382	0	0	5.143646E-5	2.0938076E-5
2014-10-28 20:32:35.347	381	0	0	6.914726E-5	2.1641747E-5
2014-10-28 20:32:35.728	356	0	0	5.825035E-5	2.1085507E-5
2014-10-28 20:32:36.108	391	0	0	5.3303072E-5	2.0421945E-5
2014-10-28 20:32:36.489	346	0	0	5.8745693E-5	2.0281937E-5
2014-10-28 20:32:36.87	466	0	0	4.6051162E-5	1.7466142E-5
2014-10-28 20:32:38.013	373	0	0	6.375197E-5	1.7854036E-5
2014-10-28 20:32:38.269	362	0	0	4.3064127E-5	1.7270815E-5
2014-10-28 20:32:38.654	373	0	0	5.5835637E-5	1.6483295E-5
2014-10-28 20:32:39.035	370	0	0	5.6181663E-5	1.7231268E-5
2014-10-28 20:32:39.419	384	0	0	8.913172E-5	2.0351095E-5
2014-10-28 20:32:39.799	363	0	0	5.2273088E-5	1.976575E-5
2014-10-28 20:32:40.176	389	0	0	5.9079706E-5	1.9753663E-5
2014-10-28 20:32:40.561	363	0	0	6.864422E-5	2.1287322E-5
2014-10-28 20:32:40.945	374	0	0	5.3514417E-5	2.0137595E-5
2014-10-28 20:32:41.324	356	0	0	6.0368235E-5	2.0133883E-5
2014-10-28 20:32:41.706	380	0	0	3.638246E-5	1.8532604E-5
2014-10-28 20:32:42.083	372	0	0	7.543776E-5	1.9634823E-5
2014-10-28 20:32:42.465	400	0	0	6.581373E-5	2.3541914E-5
2014-10-28 20:32:42.846	350	0	0	1.0540364E-4	2.7406126E-5
2014-10-28 20:32:43.227	369	0	0	9.5448515E-5	2.8508637E-5
2014-10-28 20:32:43.483	363	0	0	9.8255325E-5	2.9357265E-5
2014-10-28 20:32:43.863	371	0	0	6.209982E-5	2.7914377E-5
2014-10-28 20:32:44.244	394	0	0	4.961535E-5	1.8619196E-5
2014-10-28 20:32:44.625	352	0	0	8.179245E-5	2.1500846E-5
2014-10-28 20:32:45.005	381	0	0	4.89667E-5	2.0206193E-5
2014-10-28 20:32:45.387	380	0	0	5.7173966E-5	1.997655E-5
2014-10-28 20:32:45.767	361	0	0	5.3054995E-5	1.9594625E-5
2014-10-28 20:32:46.152	385	0	0	4.9621507E-5	1.711275E-5
2014-10-28 20:32:46.53	343	0	0	5.3441407E-5	1.7346434E-5
2014-10-28 20:32:46.915	389	0	0	6.158945E-5	1.814228E-5
2014-10-28 20:32:47.295	361	0	0	6.321951E-5	1.8728459E-5
2014-10-28 20:32:47.673	487	0	0	5.9568003E-5	1.8916382E-5
2014-10-28 20:32:48.694	358	0	0	5.4399014E-5	2.4690513E-5
2014-10-28 20:32:49.076	382	0	0	3.5947338E-5	2.21489E-5
2014-10-28 20:32:49.457	368	0	0	4.21123E-5	2.0796988E-5
2014-10-28 20:32:49.835	373	0	0	1.0058128E-4	2.3782262E-5
2014-10-28 20:32:50.219	369	0	0	8.695574E-5	2.5516592E-5
2014-10-28 20:32:50.597	374	0	0	6.0687078E-5	2.41947E-5
2014-10-28 20:32:50.98	383	0	0	4.2126077E-5	2.2164166E-5
2014-10-28 20:32:51.365	370	0	0	8.7686414E-5	2.3341605E-5
2014-10-28 20:32:51.741	375	0	0	5.9333706E-5	2.4503353E-5
2014-10-28 20:32:52.121	348	0	0	4.4853372E-5	2.1319276E-5
2014-10-28 20:32:52.505	381	0	0	6.9528556E-5	2.1783504E-5
2014-10-28 20:32:52.887	361	0	0	9.074412E-5	2.347641E-5
2014-10-28 20:32:53.14	373	0	0	9.3561655E-5	2.4761546E-5
2014-10-28 20:32:53.522	373	0	0	7.999427E-5	2.8925986E-5
2014-10-28 20:32:53.904	392	0	0	7.927563E-5	2.8092394E-5
2014-10-28 20:32:54.285	350	0	0	6.742381E-5	2.6687945E-5
2014-10-28 20:32:54.668	394	0	0	3.3492662E-4	4.3678796E-5
2014-10-28 20:32:55.045	352	0	0	3.2455908E-4	5.4430056E-5
2014-10-28 20:32:55.426	379	0	0	3.7006766E-4	1.15771116E-4
2014-10-28 20:32:55.807	361	0	0	3.6521984E-4	1.1776073E-4
2014-10-28 20:32:56.188	423	0	0	5.915646E-4	1.376176E-4
2014-10-28 20:32:56.569	320	0	0	4.4061086E-4	1.3946813E-4
2014-10-28 20:32:56.95	415	0	0	2.9860687E-4	1.3281273E-4
2014-10-28 20:32:57.332	471	0	0	4.4232127E-4	1.2348802E-4
2014-10-28 20:33:05.845	501	188	0	1.5681326E-4	3.199835E-5
2014-10-28 20:33:06.229	383	0	0	6.0506372E-5	2.9632436E-5
2014-10-28 20:33:06.607	402	0	0	9.2525144E-5	2.983398E-5
2014-10-28 20:33:06.988	465	0	0	4.39264E-5	2.2741924E-5
2014-10-28 20:33:08.006	397	0	0	1.922017E-4	3.055824E-5
2014-10-28 20:33:08.39	516	0	0	8.135784E-5	2.9985082E-5
2014-10-28 20:33:09.152	566	232	0	9.734363E-5	3.0528474E-5
2014-10-28 20:33:10.293	398	0	0	9.995243E-5	2.813824E-5
2014-10-28 20:33:10.673	413	0	0	5.9945232E-5	2.6649612E-5
2014-10-28 20:33:11.058	379	0	0	3.8103193E-5	2.2000097E-5
2014-10-28 20:33:11.435	308	0	0	9.3921706E-5	2.432688E-5
2014-10-28 20:33:11.82	414	0	0	4.205717E-5	2.2265316E-5
2014-10-28 20:33:12.074	367	0	0	8.1221E-5	2.3066706E-5
2014-10-28 20:33:12.457	335	0	0	6.3983454E-5	2.4200743E-5
2014-10-28 20:33:12.838	357	0	0	7.403688E-5	2.4360148E-5
2014-10-28 20:33:13.219	373	0	0	1.2018339E-4	2.8285394E-5
2014-10-28 20:33:13.597	368	0	0	6.2498955E-5	2.6794913E-5
2014-10-28 20:33:13.981	431	0	0	1.02746664E-4	2.8037242E-5
2014-10-28 20:33:14.363	321	0	0	8.096266E-5	3.061822E-5
2014-10-28 20:33:14.744	363	0	0	4.9207705E-5	2.587967E-5
2014-10-28 20:33:15.123	369	0	0	1.3097994E-4	3.0324745E-5
2014-10-28 20:33:15.504	411	0	0	5.233854E-5	2.7749033E-5
2014-10-28 20:33:15.888	426	0	0	8.976301E-5	2.8111028E-5
2014-10-28 20:33:16.269	370	0	0	4.783293E-5	2.2932656E-5
2014-10-28 20:33:17.287	339	0	0	1.4229177E-4	2.562766E-5
2014-10-28 20:33:17.667	382	0	0	3.6631862E-4	4.170742E-5
2014-10-28 20:33:18.055	372	0	0	8.3672E-5	7.499844E-5
2014-10-28 20:33:20.717	578	0	0	0.00495319	0.0011399651
2014-10-28 20:33:27.714	516	133	0	4.6595125E-4	6.9581416E-5
2014-10-28 20:33:28.093	492	0	0	0.007989588	0.0014092565
2014-10-28 20:33:28.858	570	195	0	0.023218041	0.01456546
2014-10-28 20:33:32.928	583	252	0	0.0420741	0.0072607864
2014-10-28 20:33:36.989	370	0	0	6.5806824E-5	2.5539986E-5
2014-10-28 20:33:38.144	359	0	0	8.460069E-5	3.1614236E-5
2014-10-28 20:33:38.513	372	0	0	8.460069E-5	3.0760737E-5
2014-10-28 20:33:38.893	425	0	0	9.2728274E-5	3.0790474E-5
2014-10-28 20:33:39.275	320	0	0	7.020218E-5	2.9558849E-5
2014-10-28 20:33:39.654	440	0	0	8.944243E-5	2.6607435E-5
2014-10-28 20:33:40.054	311	0	0	7.1623144E-5	2.5696418E-5
2014-10-28 20:33:40.417	372	0	0	1.4469726E-4	3.133042E-5
2014-10-28 20:33:40.798	371	0	0	1.01562946E-4	3.18352E-5
2014-10-28 20:33:41.179	377	0	0	0.063354716	0.0035462359
2014-10-28 20:33:49.31	372	0	0	6.0079434E-5	1.3440847E-5
2014-10-28 20:33:49.693	375	0	0	1.3387187E-4	2.1236623E-5
2014-10-28 20:33:50.072	369	0	0	1.3817423E-4	2.6200913E-5
2014-10-28 20:33:50.46	382	0	0	1.0689043E-4	2.7772454E-5
2014-10-28 20:33:50.834	372	0	0	1.01252495E-4	3.469049E-5
2014-10-28 20:33:51.215	368	0	0	7.417909E-5	3.136911E-5
2014-10-28 20:33:51.47	368	0	0	5.3741613E-5	2.8005301E-5
2014-10-28 20:33:51.853	385	0	0	5.495565E-5	2.6067952E-5
2014-10-28 20:33:52.232	359	0	0	4.6096327E-5	2.42842E-5
2014-10-28 20:33:52.616	388	0	0	6.249747E-5	1.8098966E-5
2014-10-28 20:33:52.997	352	0	0	4.718979E-5	1.7309289E-5
2014-10-28 20:33:53.376	378	0	0	1.1690181E-4	2.2723783E-5
2014-10-28 20:33:53.755	378	0	0	5.1219227E-5	2.159364E-5
2014-10-28 20:33:54.136	367	0	0	4.8728005E-5	2.0701815E-5
2014-10-28 20:33:54.517	380	0	0	5.4417702E-5	1.719095E-5
2014-10-28 20:33:54.899	359	0	0	6.870909E-5	1.9094978E-5
2014-10-28 20:33:55.282	385	0	0	5.166233E-5	1.8626428E-5
2014-10-28 20:33:55.66	351	0	0	3.3519962E-5	1.7135806E-5
2014-10-28 20:33:56.042	384	0	0	5.0811155E-5	1.710268E-5
2014-10-28 20:33:56.298	393	0	0	4.615658E-5	1.616129E-5
2014-10-28 20:33:56.679	340	0	0	6.5771645E-5	1.8082153E-5
2014-10-28 20:33:57.059	370	0	0	1.07625136E-4	2.2530376E-5
2014-10-28 20:33:57.441	407	0	0	4.8445567E-5	2.1254005E-5
2014-10-28 20:33:57.822	375	0	0	0.0074257804	4.30255E-4
2014-10-28 20:33:58.964	536	0	0	0.0023289353	0.0015744218
2014-10-28 20:34:03.794	367	0	0	1.2576031E-4	1.3221958E-5
2014-10-28 20:34:04.174	397	0	0	8.174663E-5	3.458449E-5
2014-10-28 20:34:04.557	357	0	0	1.15998286E-4	3.5945024E-5
2014-10-28 20:34:04.935	359	0	0	2.5193815E-4	4.7953614E-5
2014-10-28 20:34:05.314	420	0	0	1.2157086E-4	4.6467616E-5
2014-10-28 20:34:05.695	445	0	0	8.541866E-5	4.3468495E-5
